date,total_positive_tests,new_positive_tests
2020-03-06,1,1
2020-03-08,2,1
2020-03-10,3,1
2020-03-11,5,2
2020-03-12,9,4
2020-03-13,14,5
2020-03-14,21,7
2020-03-15,35,14
2020-03-16,54,19
2020-03-17,60,6
2020-03-18,77,17
2020-03-19,89,12
2020-03-20,115,26
2020-03-21,137,22
2020-03-22,169,32
2020-03-23,235,66
2020-03-24,262,27
2020-03-25,287,25
2020-03-26,346,59
2020-03-27,397,51
2020-03-28,441,44
2020-03-29,503,62
2020-03-30,576,73
2020-03-31,629,53
